027

Before general icp:
   0.987001    0.160731           0 7.10543e-15
  -0.160713    0.986998           0           0
          0           0           1           0
          0           0           0           1

After general icp:
   0.987001    0.160731           0 7.10543e-15
  -0.160713    0.986998           0           0
          0           0           1           0
          0           0           0           1

028

Before general icp:
  0.992713   0.120421          0    5.68487
   -0.1205   0.992723          0          0
         0          0          1 -0.0091097
         0          0          0          1

After general icp:
   0.992609    0.121205  0.00426888     5.67709
  -0.121272    0.992625  -0.0029536   0.0656492
-0.00459558  0.00241444    0.999987   0.0188938
          0           0           0           1

029

Before general icp:
   0.409328    0.912378           0     14.9848
  -0.912387    0.409348           0  -0.0708837
          0           0           1 -0.00991819
          0           0           0           1

After general icp:
   0.409328    0.912378           0     14.9848
  -0.912387    0.409348           0  -0.0708837
          0           0           1 -0.00991819
          0           0           0           1

030

Before general icp:
  0.497077   0.867706          0    16.8987
 -0.867707   0.497079          0    6.22359
         0          0          1 0.00991429
         0          0          0          1

After general icp:
  0.497077   0.867706          0    16.8987
 -0.867707   0.497079          0    6.22359
         0          0          1 0.00991429
         0          0          0          1

031

Before general icp:
 -0.502608   0.864522          0    11.0862
 -0.864514  -0.502595          0    2.97712
         0          0          1 0.00597346
         0          0          0          1

After general icp:
   -0.50075    0.865599 0.000441506     11.1034
  -0.865551   -0.500719  0.00949523     2.98838
 0.00844007  0.00437247    0.999955   0.0144155
          0           0           0           1

032

Before general icp:
    -0.29547    -0.955382            0      24.5683
    0.955352    -0.295372            0      4.18214
           0            0            1 -0.000516093
           0            0            0            1

After general icp:
    -0.29547    -0.955382            0      24.5683
    0.955352    -0.295372            0      4.18214
           0            0            1 -0.000516093
           0            0            0            1

033

Before general icp:
  0.897407    0.44116          0    5.52893
 -0.441204   0.897429          0   -7.59873
         0          0          1 0.00299789
         0          0          0          1

After general icp:
  0.899042   0.437508 -0.0164916    5.53812
 -0.437793   0.898953  -0.016097   -7.57334
 0.0077815  0.0216914   0.999734  -0.108108
         0          0          0          1

034

Before general icp:
  0.128807   0.991683          0    5.33046
  -0.99167   0.128702          0   -16.7427
         0          0          1 0.00128648
         0          0          0          1

After general icp:
  0.128807   0.991683          0    5.33046
  -0.99167   0.128702          0   -16.7427
         0          0          1 0.00128648
         0          0          0          1

035

Before general icp:
  0.966587   0.256422          0    5.62817
 -0.256339   0.966565          0    -29.119
         0          0          1 -0.0247844
         0          0          0          1

After general icp:
  0.966587   0.256422          0    5.62817
 -0.256339   0.966565          0    -29.119
         0          0          1 -0.0247844
         0          0          0          1

036

Before general icp:
 -0.973372   -0.22924          0   -5.59981
  0.229231   -0.97337          0   -29.0481
         0          0          1 -0.0273352
         0          0          0          1

After general icp:
 -0.973372   -0.22924          0   -5.59981
  0.229231   -0.97337          0   -29.0481
         0          0          1 -0.0273352
         0          0          0          1

037

Before general icp:
  0.799572  -0.600588          0   -5.35881
  0.600571   0.799559          0   -19.0535
         0          0          1 -0.0248208
         0          0          0          1

After general icp:
   0.799162   -0.601064  0.00904427    -5.34997
   0.601091    0.799162 -0.00296151    -19.0616
-0.00544794  0.00780327    0.999955  -0.0159205
          0           0           0           1

038

Before general icp:
  -0.84674  -0.531988          0   -5.51475
  0.532008  -0.846752          0   -9.78195
         0          0          1 -0.0239343
         0          0          0          1

After general icp:
  -0.84674  -0.531988          0   -5.51475
  0.532008  -0.846752          0   -9.78195
         0          0          1 -0.0239343
         0          0          0          1

039

Before general icp:
 0.977684 -0.210075         0  -5.58564
  0.21008  0.977685         0  0.198474
        0         0         1 -0.012335
        0         0         0         1

After general icp:
  0.977492  -0.210148  0.0186054   -5.61747
  0.210412   0.977523 -0.0133037   0.270737
-0.0153914   0.016919   0.999738  0.0436023
         0          0          0          1

040

Before general icp:
 0.199378  0.979946         0  -12.0502
-0.979923  0.199261         0 0.0425302
        0         0         1 -0.015923
        0         0         0         1

After general icp:
 0.199378  0.979946         0  -12.0502
-0.979923  0.199261         0 0.0425302
        0         0         1 -0.015923
        0         0         0         1

041

Before general icp:
 -0.766788  -0.642033          0   -12.3338
    0.6419  -0.766677          0    3.37406
         0          0          1 -0.0171442
         0          0          0          1

After general icp:
 -0.766788  -0.642033          0   -12.3338
    0.6419  -0.766677          0    3.37406
         0          0          1 -0.0171442
         0          0          0          1

042

Before general icp:
  0.871728  -0.489999          0   -17.9478
   0.48999   0.871723          0    4.90515
         0          0          1 -0.0120749
         0          0          0          1

After general icp:
  0.871728  -0.489999          0   -17.9478
   0.48999   0.871723          0    4.90515
         0          0          1 -0.0120749
         0          0          0          1

043

Before general icp:
 -0.535364   0.844615          0   -17.3382
 -0.844622  -0.535374          0    9.11565
         0          0          1 -0.0172392
         0          0          0          1

After general icp:
 -0.535364   0.844615          0   -17.3382
 -0.844622  -0.535374          0    9.11565
         0          0          1 -0.0172392
         0          0          0          1

044

Before general icp:
  0.28024  0.959937         0  -12.2629
 -0.95993  0.280214         0   8.81793
        0         0         1 -0.016761
        0         0         0         1

After general icp:
   0.279813    0.960061 -0.00151913     -12.238
  -0.959976    0.279745  -0.0131968     8.83906
 -0.0122446  0.00515065    0.999912  -0.0118779
          0           0           0           1

045

Before general icp:
 -0.499984  -0.865884          0   -8.74705
  0.866035  -0.500244          0    9.15818
         0          0          1 -0.0468764
         0          0          0          1

After general icp:
  -0.499336   -0.865987    0.021678    -8.73209
   0.866406   -0.499374   0.0150721     9.15385
-0.00223469   0.0263086    0.999651  0.00381297
          0           0           0           1

046

Before general icp:
0.0489943 -0.998759         0  -9.12982
 0.998799 0.0498186         0    3.4733
        0         0         1 0.0314377
        0         0         0         1

After general icp:
0.0489943 -0.998759         0  -9.12982
 0.998799 0.0498186         0    3.4733
        0         0         1 0.0314377
        0         0         0         1

047

Before general icp:
 -0.993007      0.118          0   -15.1691
 -0.118054  -0.993014          0    0.52454
         0          0          1 -0.0273388
         0          0          0          1

After general icp:
   -0.994123     0.108206 -0.000228893     -15.1755
   -0.108253    -0.994085   -0.0094198     0.526936
 -0.00124732  -0.00933972     0.999956    -0.019793
           0            0            0            1

048

Before general icp:
-0.0885614   0.996072          0   -11.8943
 -0.996071  -0.088552          0   -2.56599
         0          0          1 -0.0255307
         0          0          0          1

After general icp:
-0.0885614   0.996072          0   -11.8943
 -0.996071  -0.088552          0   -2.56599
         0          0          1 -0.0255307
         0          0          0          1

049

Before general icp:
 -0.617482  -0.786716          0   -17.2673
  0.786585  -0.617315          0   -7.54203
         0          0          1 -0.0117775
         0          0          0          1

After general icp:
  -0.614473   -0.789014 -0.00933911    -17.1916
   0.788128   -0.614167   0.0380391    -7.42826
 -0.0357458    0.016006    0.999233   0.0980624
          0           0           0           1

050

Before general icp:
 -0.140859  -0.990013          0   -11.9226
   0.99003  -0.140977          0   -5.27375
         0          0          1 -0.0211161
         0          0          0          1

After general icp:
 -0.140859  -0.990013          0   -11.9226
   0.99003  -0.140977          0   -5.27375
         0          0          1 -0.0211161
         0          0          0          1

051

Before general icp:
  0.830727  -0.556719          0   -12.0361
   0.55668   0.830701          0   -10.6751
         0          0          1 -0.0211434
         0          0          0          1

After general icp:
    0.829819    -0.558069   0.00192142     -12.0297
    0.558031     0.829794 -0.000142846     -10.6842
 -0.00151472   0.00119082     0.999998   -0.0403804
           0            0            0            1

052

Before general icp:
-0.695482  -0.71871         0  -9.29994
 0.718543  -0.69531         0  -10.3916
        0         0         1  -0.02064
        0         0         0         1

After general icp:
-0.695482  -0.71871         0  -9.29994
 0.718543  -0.69531         0  -10.3916
        0         0         1  -0.02064
        0         0         0         1

053

Before general icp:
  0.880225   0.474547          0   -9.18653
 -0.474556    0.88023          0   -13.1702
         0          0          1 -0.0154375
         0          0          0          1

After general icp:
  0.880225   0.474547          0   -9.18653
 -0.474556    0.88023          0   -13.1702
         0          0          1 -0.0154375
         0          0          0          1

054

Before general icp:
  0.997206   0.074829          0   -12.5889
-0.0747007   0.997196          0   -13.3261
         0          0          1 -0.0126795
         0          0          0          1

After general icp:
   0.997352   0.0725038   0.0070811    -12.6077
 -0.0723033    0.997324 -0.00995249    -13.3257
-0.00778253  0.00941315    0.999925  -0.0666691
          0           0           0           1

055

Before general icp:
-0.00293044    0.999996           0    -16.0764
  -0.999996 -0.00296913           0    -11.8659
          0           0           1   -0.031861
          0           0           0           1

After general icp:
-0.00293044    0.999996           0    -16.0764
  -0.999996 -0.00296913           0    -11.8659
          0           0           1   -0.031861
          0           0           0           1

056

Before general icp:
-0.0942824  -0.995535          0   -12.4047
  0.995546 -0.0943934          0   -17.7776
         0          0          1 -0.0148114
         0          0          0          1

After general icp:
-0.0942824  -0.995535          0   -12.4047
  0.995546 -0.0943934          0   -17.7776
         0          0          1 -0.0148114
         0          0          0          1

057

Before general icp:
 -0.996344   0.085274          0   -9.20071
-0.0854345  -0.996358          0   -16.4308
         0          0          1 -0.0191363
         0          0          0          1

After general icp:
 -0.996344   0.085274          0   -9.20071
-0.0854345  -0.996358          0   -16.4308
         0          0          1 -0.0191363
         0          0          0          1

058

Before general icp:
 0.0308503   0.999521          0   -9.15818
 -0.999524  0.0309515          0   -19.1528
         0          0          1 -0.0184608
         0          0          0          1

After general icp:
 0.0308503   0.999521          0   -9.15818
 -0.999524  0.0309515          0   -19.1528
         0          0          1 -0.0184608
         0          0          0          1

059

Before general icp:
 0.363277  0.931716         0  -12.3054
-0.931681  0.363188         0  -19.2662
        0         0         1 -0.028995
        0         0         0         1

After general icp:
 0.363277  0.931716         0  -12.3054
-0.931681  0.363188         0  -19.2662
        0         0         1 -0.028995
        0         0         0         1

060

Before general icp:
 -0.246034  -0.969266          0   -17.1113
  0.969261  -0.246017          0   -20.7689
         0          0          1 -0.0305407
         0          0          0          1

After general icp:
 -0.246034  -0.969266          0   -17.1113
  0.969261  -0.246017          0   -20.7689
         0          0          1 -0.0305407
         0          0          0          1

061

Before general icp:
   0.65168  -0.758601          0   -12.4755
  0.758494   0.651556          0   -25.3764
         0          0          1 -0.0229214
         0          0          0          1

After general icp:
   0.65168  -0.758601          0   -12.4755
  0.758494   0.651556          0   -25.3764
         0          0          1 -0.0229214
         0          0          0          1

062

Before general icp:
 -0.623107  -0.782302          0   -9.21488
  0.782136  -0.622899          0   -23.8453
         0          0          1 -0.0265787
         0          0          0          1

After general icp:
 -0.623107  -0.782302          0   -9.21488
  0.782136  -0.622899          0   -23.8453
         0          0          1 -0.0265787
         0          0          0          1

063

Before general icp:
  0.879717  -0.475719          0   -16.0623
  0.475498   0.879597          0    -26.071
         0          0          1 -0.0379757
         0          0          0          1

After general icp:
  0.879717  -0.475719          0   -16.0623
  0.475498   0.879597          0    -26.071
         0          0          1 -0.0379757
         0          0          0          1

064

Before general icp:
  0.672582  -0.740109          0   -11.6108
  0.740023   0.672487          0   -28.2542
         0          0          1 -0.0279092
         0          0          0          1

After general icp:
   0.672695   -0.740005 -0.00137294    -11.6222
   0.739919      0.6726  0.00011362    -28.2841
0.000839504 -0.00109241    0.999999    -0.03894
          0           0           0           1

065

Before general icp:
 -0.591071   0.806648          0   -10.3348
 -0.806619  -0.591033          0   -31.5149
         0          0          1 -0.0130566
         0          0          0          1

After general icp:
 -0.591071   0.806648          0   -10.3348
 -0.806619  -0.591033          0   -31.5149
         0          0          1 -0.0130566
         0          0          0          1

066

Before general icp:
  0.345664  -0.938391          0   -15.8354
  0.938358   0.345576          0   -31.8693
         0          0          1 -0.0224318
         0          0          0          1

After general icp:
  0.345664  -0.938391          0   -15.8354
  0.938358   0.345576          0   -31.8693
         0          0          1 -0.0224318
         0          0          0          1

092

Before general icp:
  -0.99885 -0.0479353          0   -5.57146
 0.0479544   -0.99885          0     3.8419
         0          0          1 -0.0289747
         0          0          0          1

After general icp:
  -0.99885 -0.0479353          0   -5.57146
 0.0479544   -0.99885          0     3.8419
         0          0          1 -0.0289747
         0          0          0          1

093

Before general icp:
 -0.745508   0.666517          0   -5.37299
 -0.666496  -0.745489          0    10.1789
         0          0          1 -0.0281044
         0          0          0          1

After general icp:
 -0.745508   0.666517          0   -5.37299
 -0.666496  -0.745489          0    10.1789
         0          0          1 -0.0281044
         0          0          0          1

094

Before general icp:
 -0.658113  -0.752987          0     5.6707
  0.752919  -0.658036          0    10.5617
         0          0          1 -0.0289941
         0          0          0          1

After general icp:
   -0.654799    -0.755826  -0.00821755      5.82128
    0.755708    -0.654773   0.00875666      10.5355
  -0.0119992 -0.000477449     0.999928    -0.126151
           0            0            0            1

095

Before general icp:
  0.963795   -0.26668          0    5.79829
  0.266644   0.963785          0    3.31736
         0          0          1 -0.0301572
         0          0          0          1

After general icp:
  0.963795   -0.26668          0    5.79829
  0.266644   0.963785          0    3.31736
         0          0          1 -0.0301572
         0          0          0          1

096

Before general icp:
  0.896972  -0.442118          0   -5.27375
  0.442087   0.896957          0   -29.1474
         0          0          1 -0.0273186
         0          0          0          1

After general icp:
  0.896972  -0.442118          0   -5.27375
  0.442087   0.896957          0   -29.1474
         0          0          1 -0.0273186
         0          0          0          1

097

Before general icp:
-0.0203524   0.999793          0   -2.08398
 -0.999793  -0.020349          0   -33.2303
         0          0          1 -0.0247954
         0          0          0          1

After general icp:
-0.0203524   0.999793          0   -2.08398
 -0.999793  -0.020349          0   -33.2303
         0          0          1 -0.0247954
         0          0          0          1

098

Before general icp:
   0.57842   0.815739          0   -1.67286
 -0.815739    0.57842          0   -40.4321
         0          0          1 -0.0242955
         0          0          0          1

After general icp:
   0.57842   0.815739          0   -1.67286
 -0.815739    0.57842          0   -40.4321
         0          0          1 -0.0242955
         0          0          0          1

099

Before general icp:
   0.83288   -0.55339          0   -1.97057
  0.553454   0.832922          0   -46.9392
         0          0          1 -0.0310834
         0          0          0          1

After general icp:
    0.832817    -0.553269     0.015433      -1.9762
    0.553408     0.832952 -0.000745204     -46.9773
   -0.012442   0.00916041     0.999881   -0.0191334
           0            0            0            1

100

Before general icp:
  0.553397  -0.832923          0    1.92804
  0.832917   0.553389          0   -47.1093
         0          0          1 -0.0201563
         0          0          0          1

After general icp:
   0.553698   -0.832719 -0.00276668     1.90834
   0.832717    0.553689 0.000953461    -47.1621
0.000737947  -0.0028318    0.999996 -0.00869625
          0           0           0           1

101

Before general icp:
 -0.817217  -0.576381          0    1.27591
   0.57633  -0.817181          0    -38.986
         0          0          1 -0.0273418
         0          0          0          1

After general icp:
 -0.817217  -0.576381          0    1.27591
   0.57633  -0.817181          0    -38.986
         0          0          1 -0.0273418
         0          0          0          1

102

Before general icp:
-0.0657173  -0.997837          0   -6.12435
  0.997838 -0.0657378          0   -38.0504
         0          0          1 -0.0213549
         0          0          0          1

After general icp:
-0.0657173  -0.997837          0   -6.12435
  0.997838 -0.0657378          0   -38.0504
         0          0          1 -0.0213549
         0          0          0          1

103

Before general icp:
  0.810034   -0.58634          0     -6.096
  0.586382   0.810065          0   -41.2969
         0          0          1 -0.0251481
         0          0          0          1

After general icp:
   0.810706   -0.585297   0.0114977    -6.13248
   0.585388    0.810783 -0.00108049    -41.2969
-0.00868937  0.00760615    0.999933   -0.032029
          0           0           0           1

104

Before general icp:
  0.974597  -0.223825          0   -6.13853
  0.223965   0.974629          0   -47.2227
         0          0          1 -0.0232887
         0          0          0          1

After general icp:
  0.974597  -0.223825          0   -6.13853
  0.223965   0.974629          0   -47.2227
         0          0          1 -0.0232887
         0          0          0          1

105

Before general icp:
  0.998726 -0.0503366          0   -6.12435
 0.0504671   0.998732          0   -52.4965
         0          0          1  -0.038381
         0          0          0          1

After general icp:
   0.998672  -0.0504588 -0.00978976    -6.11978
  0.0506247    0.998719  0.00339258    -52.5434
 0.00960552 -0.00388242    0.999946    0.078979
          0           0           0           1

106

Before general icp:
  0.943571   0.331122          0   -9.65436
 -0.331171   0.943588          0   -43.3808
         0          0          1 -0.0263921
         0          0          0          1

After general icp:
  0.943571   0.331122          0   -9.65436
 -0.331171   0.943588          0   -43.3808
         0          0          1 -0.0263921
         0          0          0          1

107

Before general icp:
-0.324094  0.946023         0  -17.3523
-0.946025   -0.3241         0  -40.9566
        0         0         1 -0.022693
        0         0         0         1

After general icp:
-0.324094  0.946023         0  -17.3523
-0.946025   -0.3241         0  -40.9566
        0         0         1 -0.022693
        0         0         0         1

109

Before general icp:
  0.997578 -0.0696985          0   -11.7242
 0.0695592   0.997568          0   -52.4965
         0          0          1 -0.0301254
         0          0          0          1

After general icp:
    0.997624   -0.0688777   0.00462131     -11.7808
   0.0687404     0.997625 -0.000298773     -52.5546
 -0.00458984  0.000616375     0.999989   0.00665342
           0            0            0            1

110

Before general icp:
  0.969513   0.245021          0   -11.9652
 -0.245041   0.969518          0    -55.743
         0          0          1 -0.0343181
         0          0          0          1

After general icp:
    0.969356     0.245521   0.00764936     -11.9822
   -0.245542     0.969391 -0.000816916     -55.6956
 -0.00761576   -0.0010862      0.99997    0.0124037
           0            0            0            1

111

Before general icp:
-0.0278139  -0.999613          0  -0.368595
  0.999613 -0.0278181          0   -52.5957
         0          0          1 -0.0204713
         0          0          0          1

After general icp:
-0.0278139  -0.999613          0  -0.368595
  0.999613 -0.0278181          0   -52.5957
         0          0          1 -0.0204713
         0          0          0          1

112

Before general icp:
  0.180302   -0.98361          0    6.08182
  0.983611   0.180309          0   -52.6808
         0          0          1 -0.0305208
         0          0          0          1

After general icp:
    0.179772    -0.983628   -0.0124874      6.11123
    0.983704     0.179802 -0.000725759     -52.6941
  0.00295904   -0.0121534     0.999922   0.00715757
           0            0            0            1

113

Before general icp:
 0.0457457  -0.998954          0    8.88882
  0.998953  0.0457253          0   -52.8651
         0          0          1 -0.0244921
         0          0          0          1

After general icp:
  0.0446623   -0.998902  -0.0142192     8.95101
      0.999   0.0446692 -0.00161432    -52.9014
 0.00224799  -0.0141329    0.999898   0.0191789
          0           0           0           1

114

Before general icp:
 -0.119734   0.992811          0     6.2803
 -0.992806  -0.119694          0   -46.3438
         0          0          1 -0.0325464
         0          0          0          1

After general icp:
  -0.119469    0.992647  -0.0197203     6.28009
  -0.992825   -0.119504  -0.0026636    -46.3609
-0.00500145   0.0192608    0.999802   0.0441811
          0           0           0           1

115

Before general icp:
 -0.997373 -0.0724607          0    8.86047
 0.0724317  -0.997371          0   -46.3438
         0          0          1 -0.0227057
         0          0          0          1

After general icp:
  -0.997213  -0.0717104  -0.0206798     8.89972
  0.0717339    -0.99742 -0.00180984    -46.3656
 -0.0204967 -0.00328883    0.999785   0.0765321
          0           0           0           1

116

Before general icp:
  -0.999964  0.00833271           0       9.385
-0.00849224   -0.999965           0    -42.0482
          0           0           1  -0.0327575
          0           0           0           1

After general icp:
  -0.999964  0.00833271           0       9.385
-0.00849224   -0.999965           0    -42.0482
          0           0           1  -0.0327575
          0           0           0           1

117

Before general icp:
 0.0836434   0.996481          0    17.2389
 -0.996496  0.0838142          0   -38.1354
         0          0          1 -0.0342951
         0          0          0          1

After general icp:
 0.0836434   0.996481          0    17.2389
 -0.996496  0.0838142          0   -38.1354
         0          0          1 -0.0342951
         0          0          0          1

118

Before general icp:
 -0.999496 -0.0317787          0    21.8605
 0.0317556  -0.999495          0   -38.1496
         0          0          1 -0.0254275
         0          0          0          1

After general icp:
  -0.999503  -0.0311531 -0.00489582     21.8816
  0.0311515   -0.999504    -0.00437     -38.129
-0.00475735 -0.00452045    0.999978  -0.0860343
          0           0           0           1

119

Before general icp:
   0.99729  0.0736736          0    21.5912
-0.0735731   0.997282          0   -46.5139
         0          0          1  -0.032769
         0          0          0          1

After general icp:
   0.997161   0.0735506  -0.0166077     21.5772
  -0.073621    0.997229 -0.00992188    -46.4734
  0.0158331    0.011118    0.999813   -0.114284
          0           0           0           1

120

Before general icp:
  0.999403 -0.0345442          0    21.5061
  0.034561   0.999403          0    -53.985
         0          0          1  -0.036497
         0          0          0          1

After general icp:
  0.999403 -0.0345442          0    21.5061
  0.034561   0.999403          0    -53.985
         0          0          1  -0.036497
         0          0          0          1

121

Before general icp:
 -0.999613  0.0278034          0    15.4385
-0.0278287  -0.999613          0   -54.4245
         0          0          1 -0.0337916
         0          0          0          1

After general icp:
 -0.999566  0.0281428 0.00858121    15.4639
-0.0281464  -0.999601 0.00265243   -54.4407
0.00865249 0.00240997    0.99996 -0.0212944
         0          0          0          1

122

Before general icp:
  0.999835  -0.017987          0    28.7221
 0.0181594   0.999838          0   -46.5281
         0          0          1 -0.0253253
         0          0          0          1

After general icp:
   0.99951  -0.019589 -0.0242572    28.7886
 0.0194691   0.999739 -0.0122283   -46.4857
 0.0244925  0.0117542   0.999631   0.104711
         0          0          0          1

123

Before general icp:
    0.101706    -0.994825            0      28.8638
    0.994815     0.101604            0     -49.3067
           0            0            1 -0.000869026
           0            0            0            1

After general icp:
    0.101706    -0.994825            0      28.8638
    0.994815     0.101604            0     -49.3067
           0            0            1 -0.000869026
           0            0            0            1

124

Before general icp:
  0.999843 -0.0175664          0    33.7123
 0.0177256   0.999846          0   -49.5052
         0          0          1  -0.041096
         0          0          0          1

After general icp:
  0.999843 -0.0175664          0    33.7123
 0.0177256   0.999846          0   -49.5052
         0          0          1  -0.041096
         0          0          0          1

125

Before general icp:
 -0.051253  -0.998683          0    21.8464
  0.998686 -0.0513091          0   -33.0176
         0          0          1 -0.0263537
         0          0          0          1

After general icp:
 -0.051253  -0.998683          0    21.8464
  0.998686 -0.0513091          0   -33.0176
         0          0          1 -0.0263537
         0          0          0          1

126

Before general icp:
-0.0495321  -0.998774          0    28.7788
  0.998773 -0.0495046          0   -32.9468
         0          0          1 -0.0397632
         0          0          0          1

After general icp:
-0.0495321  -0.998774          0    28.7788
  0.998773 -0.0495046          0   -32.9468
         0          0          1 -0.0397632
         0          0          0          1

127

Before general icp:
 -0.652498   0.757712          0    22.1583
 -0.757791  -0.652589          0   -29.6719
         0          0          1 -0.0345757
         0          0          0          1

After general icp:
  -0.652853    0.757285  -0.0135598     22.2055
  -0.757338   -0.653065 -0.00801434    -29.7504
  -0.014924  0.00503541    0.999876  0.00319513
          0           0           0           1

128

Before general icp:
  0.540717   0.841234          0    18.9401
 -0.841205   0.540671          0   -32.1812
         0          0          1 -0.0345702
         0          0          0          1

After general icp:
    0.542473     0.840103 -0.000772121      19.0298
   -0.840073     0.542427  0.000168972     -32.1874
 0.000560804  0.000557006            1   -0.0133577
           0            0            0            1

129

Before general icp:
   0.22837  -0.973562          0    27.1626
  0.973574   0.228421          0   -28.9347
         0          0          1 -0.0371738
         0          0          0          1

After general icp:
   0.22837  -0.973562          0    27.1626
  0.973574   0.228421          0   -28.9347
         0          0          1 -0.0371738
         0          0          0          1

130

Before general icp:
  0.997445  0.0714406          0    15.2258
-0.0714438   0.997445          0   -28.9347
         0          0          1 -0.0270033
         0          0          0          1

After general icp:
  0.997445  0.0714406          0    15.2258
-0.0714438   0.997445          0   -28.9347
         0          0          1 -0.0270033
         0          0          0          1

131

Before general icp:
   0.999988 -0.00494044           0     15.0557
 0.00492943    0.999988           0    -33.6556
          0           0           1  -0.0648901
          0           0           0           1

After general icp:
   0.999971 -0.00391831   0.0064872     15.0408
 0.00385938    0.999965  0.00738273    -33.7199
-0.00651582 -0.00735741    0.999952   0.0858418
          0           0           0           1

132

Before general icp:
  0.996097 -0.0882122          0      6.337
 0.0882642   0.996102          0   -34.5345
         0          0          1 -0.0362868
         0          0          0          1

After general icp:
    0.995959   -0.0893143   0.00895747      6.33372
   0.0893576     0.996003   0.00137344       -34.58
 -0.00904436 -0.000567944     0.999959     0.051395
           0            0            0            1

