000

Before general icp:
   0.470364   -0.882485           0           0
   0.882472     0.47034           0 1.77636e-15
          0           0           1           0
          0           0           0           1

After general icp:
   0.470364   -0.882485           0           0
   0.882472     0.47034           0 1.77636e-15
          0           0           1           0
          0           0           0           1

001

Before general icp:
 0.850346 -0.526177         0  -3.97773
 0.526224  0.850375         0  -2.16595
        0         0         1         0
        0         0         0         1

After general icp:
    0.852407    -0.522795   0.00618728     -3.97601
    0.522878     0.852394  -0.00843386      -2.2534
-0.000864252    0.0104242     0.999945    -0.039558
           0            0            0            1

002

Before general icp:
-0.984957 -0.172864         0  -6.70219
   0.1728 -0.984946         0  -1.96162
        0         0         1         0
        0         0         0         1

After general icp:
  -0.985198   -0.171299 -0.00797941    -6.66699
   0.171187   -0.985207   0.0063098    -2.06112
-0.00894191  0.00484985    0.999948  -0.0363906
          0           0           0           1

003

Before general icp:
  0.19204 -0.981416         0   1.14428
 0.981387  0.191893         0  -13.6632
        0         0         1         0
        0         0         0         1

After general icp:
  0.19204 -0.981416         0   1.14428
 0.981387  0.191893         0  -13.6632
        0         0         1         0
        0         0         0         1

004

Before general icp:
  0.98842 -0.151631         0   1.86626
 0.151745  0.988437         0  -32.3803
        0         0         1         0
        0         0         0         1

After general icp:
  0.98842 -0.151631         0   1.86626
 0.151745  0.988437         0  -32.3803
        0         0         1         0
        0         0         0         1

005

Before general icp:
 0.990237 -0.139352         0   14.3171
 0.139396  0.990243         0  -32.0398
        0         0         1         0
        0         0         0         1

After general icp:
 0.990237 -0.139352         0   14.3171
 0.139396  0.990243         0  -32.0398
        0         0         1         0
        0         0         0         1

006

Before general icp:
  0.999672 -0.0255084          0    14.7258
 0.0255914   0.999675          0    -40.254
         0          0          1          0
         0          0          0          1

After general icp:
   0.999655  -0.0247404  0.00856098     14.7205
   0.024775    0.999679  0.00570973     -40.349
-0.00869995 -0.00549639    0.999947   0.0896513
          0           0           0           1

007

Before general icp:
 0.991139 -0.132758         0   14.7802
 0.132827  0.991149         0  -47.1333
        0         0         1         0
        0         0         0         1

After general icp:
 0.991139 -0.132758         0   14.7802
 0.132827  0.991149         0  -47.1333
        0         0         1         0
        0         0         0         1

008

Before general icp:
 0.986613  0.163243         0   14.9846
-0.163078  0.986586         0  -55.4157
        0         0         1         0
        0         0         0         1

After general icp:
   0.986656      0.1628  0.00770073     15.0101
  -0.162669    0.986645  0.00401078    -55.4207
 -0.0069458 -0.00521109    0.999962    0.105159
          0           0           0           1

009

Before general icp:
 -0.97723  0.212123         0   6.25266
-0.212182 -0.977243         0  -55.3748
        0         0         1         0
        0         0         0         1

After general icp:
  -0.977216    0.211881  -0.0114058     6.24029
  -0.211956   -0.977292 0.000212315    -55.3826
 -0.0111017  0.00262435    0.999935     0.08281
          0           0           0           1

010

Before general icp:
-0.351813  0.936066         0  -4.35915
 -0.93607 -0.351824         0  -20.6651
        0         0         1         0
        0         0         0         1

After general icp:
   -0.35571    0.934422  -0.0178168    -4.28618
  -0.934523   -0.355867 -0.00570905     -20.722
 -0.0116749   0.0146193    0.999825   -0.130173
          0           0           0           1

011

Before general icp:
-0.494424   0.86923         0  -9.49477
-0.869221 -0.494408         0  -20.4471
        0         0         1         0
        0         0         0         1

After general icp:
-0.494424   0.86923         0  -9.49477
-0.869221 -0.494408         0  -20.4471
        0         0         1         0
        0         0         0         1

012

Before general icp:
 0.945866 -0.324569         0  -3.90961
 0.324557  0.945862         0  -29.1927
        0         0         1         0
        0         0         0         1

After general icp:
 0.945866 -0.324569         0  -3.90961
 0.324557  0.945862         0  -29.1927
        0         0         1         0
        0         0         0         1

013

Before general icp:
-0.605737  0.795689         0  -9.76722
-0.795665 -0.605706         0  -32.5438
        0         0         1         0
        0         0         0         1

After general icp:
-0.605737  0.795689         0  -9.76722
-0.795665 -0.605706         0  -32.5438
        0         0         1         0
        0         0         0         1

014

Before general icp:
 0.375721 -0.926767         0  -9.68549
 0.926733  0.375638         0  -43.4962
        0         0         1         0
        0         0         0         1

After general icp:
 0.375721 -0.926767         0  -9.68549
 0.926733  0.375638         0  -43.4962
        0         0         1         0
        0         0         0         1

015

Before general icp:
 0.968651 -0.248406         0  -5.10838
 0.248426  0.968656         0  -41.6299
        0         0         1         0
        0         0         0         1

After general icp:
 0.968651 -0.248406         0  -5.10838
 0.248426  0.968656         0  -41.6299
        0         0         1         0
        0         0         0         1

016

Before general icp:
-0.109332 -0.993989         0   3.16038
 0.994005  -0.10948         0   -40.254
        0         0         1         0
        0         0         0         1

After general icp:
-0.109332 -0.993989         0   3.16038
 0.994005  -0.10948         0   -40.254
        0         0         1         0
        0         0         0         1

017

Before general icp:
 0.992359  0.123561         0   3.41921
-0.123388  0.992337         0  -47.4603
        0         0         1         0
        0         0         0         1

After general icp:
   0.992253    0.124341 -0.00407705     3.38066
  -0.124164     0.99224  0.00112501    -47.4802
 0.00418519 -0.00060934    0.999991   0.0532714
          0           0           0           1

018

Before general icp:
  0.74767 -0.663928         0  -2.17958
  0.66407  0.747796         0  -48.2912
        0         0         1         0
        0         0         0         1

After general icp:
  0.74767 -0.663928         0  -2.17958
  0.66407  0.747796         0  -48.2912
        0         0         1         0
        0         0         0         1

019

Before general icp:
 0.611704  0.791128         0 -0.313314
-0.791087  0.611651         0  -54.6665
        0         0         1         0
        0         0         0         1

After general icp:
   0.611382    0.791296    0.011322   -0.327008
  -0.791318    0.611349  0.00194356    -54.6654
-0.00538446  -0.0101479    0.999934   0.0871935
          0           0           0           1

020

Before general icp:
 0.23552 0.971831        0 -9.49477
-0.97187 0.235681        0 -55.1841
       0        0        1        0
       0        0        0        1

After general icp:
 0.23552 0.971831        0 -9.49477
-0.97187 0.235681        0 -55.1841
       0        0        1        0
       0        0        0        1

021

Before general icp:
    -0.31 -0.950738         0   6.97464
 0.950737 -0.309994         0  -3.62354
        0         0         1         0
        0         0         0         1

After general icp:
    -0.31 -0.950738         0   6.97464
 0.950737 -0.309994         0  -3.62354
        0         0         1         0
        0         0         0         1

022

Before general icp:
-0.283194  -0.95906         0   12.0694
 0.959063 -0.283205         0    -1.948
        0         0         1         0
        0         0         0         1

After general icp:
-0.283194  -0.95906         0   12.0694
 0.959063 -0.283205         0    -1.948
        0         0         1         0
        0         0         0         1

023

Before general icp:
  0.64649  0.762918         0   11.7425
-0.762922  0.646495         0 0.0953564
        0         0         1         0
        0         0         0         1

After general icp:
  0.64649  0.762918         0   11.7425
-0.762922  0.646495         0 0.0953564
        0         0         1         0
        0         0         0         1

024

Before general icp:
-0.505466 -0.862838         0    6.4025
 0.862846 -0.505481         0   2.46564
        0         0         1         0
        0         0         0         1

After general icp:
  -0.509365   -0.860538  0.00234798     6.38162
   0.860547   -0.509384 -0.00112072     2.48816
 0.00216042  0.00144965    0.999997  0.00969979
          0           0           0           1

025

Before general icp:
 0.710726  0.703454         0   2.26131
-0.703469   0.71074         0   3.06503
        0         0         1         0
        0         0         0         1

After general icp:
    0.71399    0.700137 -0.00243345     2.22635
  -0.700153    0.714007 0.000474047     3.09905
 0.00206937  0.00136528    0.999997   0.0389633
          0           0           0           1

068

Before general icp:
-0.502955   0.86429         0  -15.7747
-0.864312 -0.502994         0  -6.98826
        0         0         1         0
        0         0         0         1

After general icp:
-0.502955   0.86429         0  -15.7747
-0.864312 -0.502994         0  -6.98826
        0         0         1         0
        0         0         0         1

069

Before general icp:
-0.989128   0.14677         0  -12.7914
-0.147056 -0.989171         0  -5.17649
        0         0         1         0
        0         0         0         1

After general icp:
-0.989128   0.14677         0  -12.7914
-0.147056 -0.989171         0  -5.17649
        0         0         1         0
        0         0         0         1

070

Before general icp:
 0.873406  0.487024         0  -19.3437
-0.486992  0.873388         0  -9.98518
        0         0         1         0
        0         0         0         1

After general icp:
 0.873406  0.487024         0  -19.3437
-0.486992  0.873388         0  -9.98518
        0         0         1         0
        0         0         0         1

071

Before general icp:
-0.977153   0.21262         0  -16.8236
-0.212536 -0.977135         0 0.0953564
        0         0         1         0
        0         0         0         1

After general icp:
-0.977153   0.21262         0  -16.8236
-0.212536 -0.977135         0 0.0953564
        0         0         1         0
        0         0         0         1

072

Before general icp:
-0.980767  0.195089         0  -23.7029
-0.195183 -0.980786         0  0.749229
        0         0         1         0
        0         0         0         1

After general icp:
 -0.981005    0.19372 0.00808768   -23.7155
 -0.193746  -0.981033  0.0085286   0.714585
 0.0095871 0.00680056   0.999931   0.122679
         0          0          0          1

073

Before general icp:
0.473596 -0.88083        0 -15.5022
0.880742 0.473433        0  -15.366
       0        0        1        0
       0        0        0        1

After general icp:
0.473596 -0.88083        0 -15.5022
0.880742 0.473433        0  -15.366
       0        0        1        0
       0        0        0        1

074

Before general icp:
 0.809577 -0.587025         0  -19.0849
 0.587014  0.809569         0  -14.6713
        0         0         1         0
        0         0         0         1

After general icp:
   0.809323   -0.587368  0.00294317    -19.1487
   0.587352     0.80932   0.0021166    -14.5969
-0.00362519  1.5715e-05    0.999993  -0.0109686
          0           0           0           1

075

Before general icp:
 0.965384  0.261067         0   25.4193
-0.260834  0.965321         0  -91.8555
        0         0         1         0
        0         0         0         1

After general icp:
 0.965384  0.261067         0   25.4193
-0.260834  0.965321         0  -91.8555
        0         0         1         0
        0         0         0         1

076

Before general icp:
-0.617604  0.786549         0  -12.7778
-0.786489 -0.617528         0  -1.04892
        0         0         1         0
        0         0         0         1

After general icp:
-0.617604  0.786549         0  -12.7778
-0.786489 -0.617528         0  -1.04892
        0         0         1         0
        0         0         0         1

077

Before general icp:
-0.837482   0.54644         0  -19.0713
-0.546465 -0.837498         0  -16.7555
        0         0         1         0
        0         0         0         1

After general icp:
   -0.84025    0.542156 -0.00438194    -19.1241
  -0.542195   -0.840264  0.00300751    -16.6146
 -0.0020513  0.00490287    0.999986  -0.0269867
          0           0           0           1

078

Before general icp:
-0.807419  0.590244         0  -16.7555
-0.589978 -0.807225         0  -22.9264
        0         0         1         0
        0         0         0         1

After general icp:
-0.807419  0.590244         0  -16.7555
-0.589978 -0.807225         0  -22.9264
        0         0         1         0
        0         0         0         1

079

Before general icp:
 0.593029   0.80535         0  -14.4397
-0.805181    0.5928         0  -23.3759
        0         0         1         0
        0         0         0         1

After general icp:
 0.593029   0.80535         0  -14.4397
-0.805181    0.5928         0  -23.3759
        0         0         1         0
        0         0         0         1

080

Before general icp:
 0.534532  0.845297         0  -16.5239
-0.845148  0.534296         0   -19.153
        0         0         1         0
        0         0         0         1

After general icp:
  0.538988   0.842266 -0.0182651   -16.5449
 -0.842075    0.53899  0.0121128    -19.136
 0.0200493  0.0088575    0.99976 -0.0400799
         0          0          0          1

081

Before general icp:
-0.497034 -0.867766         0  -18.3221
 0.867731 -0.496973         0  -26.9722
        0         0         1         0
        0         0         0         1

After general icp:
-0.497034 -0.867766         0  -18.3221
 0.867731 -0.496973         0  -26.9722
        0         0         1         0
        0         0         0         1

082

Before general icp:
-0.899912 -0.436109         0  -19.2484
 0.436071 -0.899894         0  -29.0837
        0         0         1         0
        0         0         0         1

After general icp:
-0.899912 -0.436109         0  -19.2484
 0.436071 -0.899894         0  -29.0837
        0         0         1         0
        0         0         0         1

083

Before general icp:
-0.201742  0.979467         0  -21.8639
-0.979439 -0.201605         0  -26.8633
        0         0         1         0
        0         0         0         1

After general icp:
-0.201742  0.979467         0  -21.8639
-0.979439 -0.201605         0  -26.8633
        0         0         1         0
        0         0         0         1

084

Before general icp:
 0.944669  0.328097         0  -14.7121
-0.328024  0.944644         0  -28.5933
        0         0         1         0
        0         0         0         1

After general icp:
 0.944669  0.328097         0  -14.7121
-0.328024  0.944644         0  -28.5933
        0         0         1         0
        0         0         0         1

085

Before general icp:
  0.999426  0.0336347          0   -15.8973
-0.0338806   0.999434          0   -32.2168
         0          0          1          0
         0          0          0          1

After general icp:
  0.999426  0.0336347          0   -15.8973
-0.0338806   0.999434          0   -32.2168
         0          0          1          0
         0          0          0          1

086

Before general icp:
-0.644026   0.76509         0  -19.2892
-0.765003 -0.643924         0  -32.5847
        0         0         1         0
        0         0         0         1

After general icp:
  -0.644353    0.764753  0.00964557    -19.3296
  -0.764717   -0.644258 -0.00281345     -32.621
 0.00406387 -0.00918953     0.99995   0.0940995
          0           0           0           1

087

Before general icp:
 -0.87369  0.486531         0  -15.0799
-0.486484 -0.873663         0  -55.3885
        0         0         1         0
        0         0         0         1

After general icp:
  -0.873508    0.486712   0.0119466     -15.078
   -0.48671   -0.873536 -0.00111461    -55.4107
 0.00989371 -0.00678871    0.999928   0.0726648
          0           0           0           1

088

Before general icp:
-0.360579  0.932746         0  -19.7524
-0.932729 -0.360534         0  -55.2931
        0         0         1         0
        0         0         0         1

After general icp:
-0.360579  0.932746         0  -19.7524
-0.932729 -0.360534         0  -55.2931
        0         0         1         0
        0         0         0         1

089

Before general icp:
   0.9418  0.336122         0  -19.3982
-0.336174  0.941819         0  -59.1618
        0         0         1         0
        0         0         0         1

After general icp:
  0.941511   0.336044  -0.024422   -19.4108
 -0.336036   0.941844 0.00665497   -59.2271
  0.025238 0.00193955    0.99968 -0.0370461
         0          0          0          1

090

Before general icp:
-0.747078  -0.66496         0  -15.0799
 0.664736 -0.746879         0  -58.6442
        0         0         1         0
        0         0         0         1

After general icp:
   -0.747225    -0.664787   0.00334046     -15.0859
    0.664566    -0.747031 -0.000529754     -58.7234
  0.00284815   0.00182496     0.999994     0.036591
           0            0            0            1

091

Before general icp:
-0.0925064   0.995701          0   -16.1289
 -0.995712 -0.0926205          0    -51.724
         0          0          1          0
         0          0          0          1

After general icp:
  -0.0945191     0.995512  0.000628912     -16.1517
   -0.995523   -0.0946328 -0.000566086       -51.72
-0.000504108  -0.00067966            1  -0.00948401
           0            0            0            1

